Index	| Character	| Hash Key	 | New Hash Key 	 | Q Hash Key 
0      	| cancel    	| 32     	 | 0      	| 32        
1      	| very      	| 66     	 | 2      	| 68        
2      	| practice  	| 67     	 | 6      	| 73        
3      	| accurate  	| 64     	 | 12     	| 76        
4      	| considered	| 86     	 | 20     	| 106       
5      	| simulation	| 123    	 | 30     	| 153       
6      	| analyse   	| 70     	 | 42     	| 112       
7      	| ToF       	| 90     	 | 56     	| 146       
8      	| number    	| 67     	 | 72     	| 139       
9      	| Thus      	| 90     	 | 90     	| 180       
10     	| outcomes  	| 103    	 | 110    	| 213       
11     	| estimate  	| 84     	 | 132    	| 216       
12     	| Then      	| 69     	 | 156    	| 225       
13     	| model     	| 44     	 | 182    	| 226       
14     	| fully     	| 71     	 | 210    	| 35        
15     	| order     	| 55     	 | 240    	| 49        
16     	| period    	| 61     	 | 272    	| 87        
17     	| in        	| 21     	 | 306    	| 81        
18     	| arise     	| 47     	 | 342    	| 143       
19     	| impact    	| 56     	 | 380    	| 190       
20     	| understand	| 110    	 | 420    	| 38        
21     	| is        	| 26     	 | 462    	| 242       
22     	| it        	| 27     	 | 506    	| 41        
23     	| Monte     	| 88     	 | 552    	| 148       
24     	| jitter    	| 76     	 | 600    	| 184       
25     	| at        	| 19     	 | 650    	| 177       
26     	| trying    	| 87     	 | 702    	| 51        
27     	| integration	| 121    	 | 756    	| 139       
28     	| obtained  	| 62     	 | 812    	| 136       
29     	| much      	| 41     	 | 870    	| 173       
30     	| other     	| 61     	 | 930    	| 7         
31     	| be        	| 5      	 | 992    	| 13        
32     	| periodic  	| 71     	 | 1056   	| 143       
33     	| range     	| 40     	 | 1122   	| 178       
34     	| uncertainty	| 139    	 | 1190   	| 99        
35     	| cameras   	| 53     	 | 1260   	| 83        
36     	| result    	| 89     	 | 1332   	| 191       
37     	| how       	| 43     	 | 1406   	| 219       
38     	| current   	| 92     	 | 1482   	| 98        
39     	| T         	| 45     	 | 1560   	| 129       
40     	| are       	| 21     	 | 1640   	| 185       
41     	| get       	| 29     	 | 1722   	| 29        
42     	| have      	| 32     	 | 1806   	| 116       
43     	| stochastic	| 107    	 | 1892   	| 31        
44     	| periods   	| 79     	 | 1980   	| 91        
45     	| hand      	| 23     	 | 2070   	| 125       
46     	| measurements	| 141    	 | 2162   	| 89        
47     	| But       	| 66     	 | 2256   	| 108       
48     	| a         	| 0      	 | 2352   	| 138       
49     	| accordingly	| 100    	 | 2450   	| 90        
50     	| linear    	| 53     	 | 2550   	| 143       
51     	| may       	| 36     	 | 2652   	| 228       
52     	| necessary 	| 100    	 | 2756   	| 150       
53     	| more      	| 47     	 | 2862   	| 203       
54     	| change    	| 32     	 | 2970   	| 50        
55     	| one       	| 31     	 | 3080   	| 159       
56     	| Chapter   	| 90     	 | 3192   	| 84        
57     	| possible  	| 89     	 | 3306   	| 197       
58     	| simulations	| 141    	 | 3422   	| 119       
59     	| the       	| 30     	 | 3540   	| 126       
60     	| single    	| 60     	 | 3660   	| 30        
61     	| depth     	| 48     	 | 3782   	| 140       
62     	| future    	| 85     	 | 3906   	| 55        
63     	| increasing	| 89     	 | 4032   	| 185       
64     	| behaviour 	| 92     	 | 4160   	| 70        
65     	| to        	| 33     	 | 4290   	| 141       
66     	| So        	| 58     	 | 4422   	| 52        
67     	| partially 	| 105    	 | 4556   	| 233       
68     	| questions 	| 130    	 | 4692   	| 148       
69     	| used      	| 45     	 | 4830   	| 201       
70     	| challenging	| 81     	 | 4970   	| 131       
71     	| frequency 	| 105    	 | 5112   	| 51        
72     	| influence 	| 80     	 | 5256   	| 170       
73     	| that      	| 45     	 | 5402   	| 35        
74     	| surprisingly	| 175    	 | 5550   	| 67        
75     	| than      	| 39     	 | 5700   	| 81        
76     	| from      	| 48     	 | 5852   	| 242       
77     	| results   	| 107    	 | 6006   	| 209       
78     	| all       	| 22     	 | 6162   	| 34        
79     	| finite    	| 57     	 | 6320   	| 227       
80     	| ms        	| 30     	 | 6480   	| 114       
81     	| this      	| 52     	 | 6642   	| 52        
82     	| less      	| 51     	 | 6806   	| 215       
83     	| develop   	| 72     	 | 6972   	| 156       
84     	| done      	| 34     	 | 7140   	| 40        
85     	| task      	| 47     	 | 7310   	| 223       
86     	| especially	| 97     	 | 7482   	| 199       
87     	| were      	| 47     	 | 7656   	| 77        
88     	| know      	| 59     	 | 7832   	| 19        
89     	| fixed     	| 43     	 | 8010   	| 181       
90     	| sensor    	| 84     	 | 8190   	| 156       
91     	| AMCW      	| 140    	 | 8372   	| 148       
92     	| full      	| 47     	 | 8556   	| 239       
93     	| since     	| 45     	 | 8742   	| 177       
94     	| here      	| 32     	 | 8930   	| 106       
95     	| some      	| 48     	 | 9120   	| 66        
96     	| analytical	| 88     	 | 9312   	| 52        
97     	| for       	| 36     	 | 9506   	| 194       
98     	| investigate	| 120    	 | 9702   	| 228       
99     	| non       	| 40     	 | 9900   	| 100       
100    	| With      	| 82     	 | 10100  	| 96        
101    	| random    	| 59     	 | 10302  	| 29        
102    	| effective 	| 72     	 | 10506  	| 0         
103    	| and       	| 16     	 | 10712  	| 150       
104    	| of        	| 19     	 | 10920  	| 115       
105    	| now       	| 49     	 | 11130  	| 109       
106    	| on        	| 27     	 | 11342  	| 53        
107    	| or        	| 31     	 | 11556  	| 25        
108    	| evaluations	| 128    	 | 11772  	| 92        
109    	| manufacturers	| 147    	 | 11990  	| 83        
110    	| will      	| 52     	 | 12210  	| 208       
111    	| interesting	| 129    	 | 12432  	| 15        
112    	| was       	| 40     	 | 12656  	| 150       
113    	| multiple  	| 100    	 | 12882  	| 190       
114    	| Carlo     	| 70     	 | 13110  	| 142       
115    	| better    	| 64     	 | 13340  	| 120       
116    	| with      	| 56     	 | 13572  	| 98        
117    	| various   	| 98     	 | 13806  	| 128       
118    	| arises    	| 65     	 | 14042  	| 85        
119    	| investigation	| 151    	 | 14280  	| 163       
120    	| short     	| 75     	 | 14520  	| 81        
121    	| frequencies	| 111    	 | 14762  	| 113       
122    	| On        	| 53     	 | 15006  	| 53        
